#CHROM	POS	ID	REF	ALT	MAF	Trans	PCP	beta	SE_beta	LRT	pval_LRT	Rank
15	38581206	rs8029728;15:38581206	C	T	8.487e-01	1	2.000e-04	-3.494e-02	9.128e-02	1.748e-01	6.759e-01	4875
15	38741610	rs71129354;15:38741610	TG	T	6.062e-01	1	2.000e-04	-1.368e-01	6.385e-02	4.995e+00	2.542e-02	265
15	39244795	rs8031613;15:39244795	A	T	3.968e-01	1	2.000e-04	-4.523e-02	6.410e-02	5.439e-01	4.608e-01	3249
15	39308868	rs59730940;15:39308868	G	A	3.697e-01	1	2.000e-04	1.268e-01	6.757e-02	3.877e+00	4.895e-02	514
15	40026547	rs8035291;15:40026547	G	A	1.303e-02	1	4.000e-04	1.617e-01	2.601e-01	1.185e+00	2.764e-01	2128
15	40035067	rs16969781;15:40035067	A	G	7.715e-02	1	9.000e-04	-1.110e-02	1.182e-01	1.175e-02	9.137e-01	6224
15	40073009	rs12594113;15:40073009	G	A	1.002e-02	1	2.000e-04	-3.011e-01	3.173e-01	4.051e+00	4.415e-02	467
15	40226877	rs534757;15:40226877	T	C	2.605e-01	1	2.000e-04	9.138e-02	7.174e-02	1.810e+00	1.785e-01	1469
15	40322167	rs2412473;15:40322167	C	T	4.509e-02	1	3.000e-04	3.672e-01	1.473e-01	9.539e+00	2.012e-03	5
15	40368837	rs76860259;15:40368837	G	T	9.519e-02	1	5.000e-04	-1.425e-01	1.010e-01	2.461e+00	1.167e-01	1067
19	1025584	rs398040836	GT	G	1.974e-01	0	4.000e-04	-6.356e-02	7.706e-02	7.722e-01	3.795e-01	1580
19	1281300	rs59135094	T	TG	7.495e-01	0	2.000e-04	-2.202e-01	7.471e-02	9.725e+00	1.817e-03	44
19	1348184	rs7260486	T	C	8.136e-01	0	2.000e-04	-2.681e-01	8.022e-02	1.270e+01	3.655e-04	25
19	1348739	rs72981656	C	A	1.172e-01	0	3.000e-04	-3.502e-01	9.550e-02	1.613e+01	5.919e-05	1
19	1348864	rs12609836	A	G	1.232e-01	0	2.000e-04	-3.337e-01	9.423e-02	1.498e+01	1.087e-04	8
19	1355483	rs3216959	CA	C	7.976e-01	0	2.000e-04	-2.041e-01	7.768e-02	7.807e+00	5.204e-03	77
19	1357082	rs713042	T	C	8.106e-01	0	8.000e-04	-2.356e-01	7.971e-02	9.936e+00	1.621e-03	42
19	1357830	rs11554583	T	A	1.212e-01	0	5.000e-04	-3.460e-01	9.458e-02	1.600e+01	6.350e-05	2
19	1358031	rs3216960	T	TG	1.212e-01	0	6.000e-04	-3.460e-01	9.458e-02	1.600e+01	6.350e-05	3
19	1362707	rs56017423	G	A	1.112e-01	0	4.000e-04	-3.395e-01	9.714e-02	1.476e+01	1.219e-04	16
19	1375271	rs3954337	T	C	1.042e-01	0	9.000e-04	-3.001e-01	9.945e-02	1.114e+01	8.468e-04	37
19	1860409	rs150431611	C	CCTG	5.611e-02	0	8.000e-04	-4.379e-01	1.366e-01	1.489e+01	1.141e-04	11
19	1909597	rs73916820	C	T	1.122e-01	0	4.000e-04	-3.468e-01	9.880e-02	1.499e+01	1.081e-04	7
19	1910106	rs7260336	A	C	1.142e-01	0	3.000e-04	-3.340e-01	9.835e-02	1.401e+01	1.818e-04	19
19	1910574	rs553093552	CT	C	8.838e-01	0	3.000e-04	3.537e-01	9.667e-02	1.614e+01	5.894e-05	0
19	1911154	rs113813142	G	A	1.102e-01	0	2.000e-04	-3.446e-01	9.939e-02	1.466e+01	1.285e-04	18
19	1912986	rs76159002	C	T	1.092e-01	0	3.000e-04	-3.478e-01	9.966e-02	1.487e+01	1.150e-04	12
19	1913533	rs10424273	G	A	1.092e-01	0	5.000e-04	-3.478e-01	9.966e-02	1.487e+01	1.150e-04	13
19	1916427	rs8109279	C	T	1.092e-01	0	6.000e-04	-3.478e-01	9.966e-02	1.487e+01	1.150e-04	15
19	1922565	rs117960620	C	T	3.707e-02	0	3.000e-04	-4.897e-01	1.587e-01	1.554e+01	8.091e-05	5
19	977921	rs115188247	T	C	1.683e-01	0	2.000e-04	-1.052e-01	8.683e-02	1.720e+00	1.897e-01	877
